     
1949 20
24096 18968 71256 82966 98832 52845 2883 63589 5658 7767 96757 99572 99686 77607 75188 21318 29512 46254 41367 1416 
4871 20
920 12492 79041 29616 52743 42134 10014 2030 11543 55914 58146 68337 17652 50357 83073 18945 98377 17164 66996 72701 
3953 18
5704 78057 66720 51407 54495 88667 95826 11603 32155 95955 64015 64680 38261 15550 80813 28280 19290 8169 
2297 17
32352 98491 19238 67018 61759 74118 54343 20451 72402 48161 5511 6718 42504 70960 26037 34902 44219 
7327 17
97546 91198 10089 2444 91892 66385 50738 80916 62968 5377 72011 85856 7209 89861 69788 23059 56397 
4705 17
37941 9691 19051 51664 92431 71928 26982 33664 24661 95102 66365 29112 15961 28939 58350 46654 27498 
9772 16
45682 10161 77264 41179 10639 18994 71956 39849 1331 12919 34725 70656 95372 90925 20394 63725 
8617 14
27336 12078 70208 80572 65001 89450 56222 27070 53656 58113 96366 24555 73616 62826 
53 11
19871 45897 2478 60488 1061 70968 67042 56156 61098 42293 27198 
9566 10
52477 57624 65721 48216 76358 44518 60741 85657 3302 41865 
8149 10
16863 79950 87508 71560 59349 39297 11281 46288 42728 88199 
8696 20
35619 45104 44776 86267 17085 89554 3876 87902 38304 24855 77630 82092 78115 2284 82577 94634 66416 42488 5076 65791 
6550 19
94970 97138 10051 35700 31067 49892 65313 11530 97857 7958 93066 63103 12759 33058 80912 57286 85050 57527 16395 
1634 15
75776 5282 2981 36241 90605 69902 34392 18305 15323 87092 24468 48779 774 57740 42058 
8917 14
32911 3456 42526 38007 18745 65614 10177 14901 40941 61097 22365 60134 39083 6604 
18 14
52395 75224 35169 98878 80302 64396 52255 56601 55842 73308 69057 29586 74997 74125 
650 14
88226 4701 26135 68353 59551 78483 50898 68345 60100 18275 44740 61008 33694 78383 
198 13
36870 79943 3333 11316 19029 46140 9872 42091 40934 37953 86139 64023 38878 
2380 12
11146 42369 37395 29106 12664 65802 90457 11550 83028 6118 96137 75099 
3938 12
83826 75092 43547 68684 20791 92820 70893 38662 16110 59885 37595 12180 
7305 11
23444 89141 17735 27769 569 31000 71052 41276 95997 16103 80227 
1760 10
5901 39132 49620 14830 22422 40929 58487 82880 46805 28953 
6241 18
40462 36531 42960 25240 54471 21600 74814 40351 66575 48146 12416 61451 13562 66639 98014 31889 86442 88617 
5134 15
91032 93992 97031 41345 78271 77120 73307 68890 41570 6727 98153 79664 97582 10421 62796 
7989 15
22925 80808 6800 31099 46874 12877 34694 46347 25304 39418 86559 92114 95793 33147 4181 
9255 14
80757 17705 54473 12490 14871 40739 1875 29485 19731 33025 69499 87929 10121 82545 
111 14
70445 1692 38153 55457 20320 15253 61427 1559 40466 79430 45472 8792 78382 97759 
1864 13
30623 34568 78112 35086 46864 18625 94551 54703 96511 52248 22717 43957 33943 
122 10
89613 22078 98090 37843 47800 78834 12344 70053 13385 55902 
